0100100100000000000000000000000000000000000000000000000000000000000
0000100100000110001000001000000000000000000000000000000000000000000
0001100011000000000100001101100000000000000000000000000000001000000
0001100011000000000100001101100000000000000000000000000000001000000
0110101000000000000000000000000000000000000000000000000000000000000
0000100100000110001000001000001000000000000000000000000000000000000
0001100011000000000100001101100000100000000000000000000000001000000
0001100011000000000100001101100000100000000000000000000000001000000
0001100011000100001000000000011001000001000001000011000000001000000
0000100100000110001000001000010000000000000000000000000000000000000
0001000100100000000000000000000001001010000000001100100000000000000
0001000100100000000000000000000001001010000000001100100000000000000
0000100100000001000001001100000000000000000000000000000000000000000
0000100100000110000010001000000000000000000000000000000000000000000
0000100100000100000100000010100000100000000000000000000000000000000
0001100011000000000100000000000000000000000000000000000000001000000
0010100000000000000000000000000111000000000000000000000000000000000
0010100010000000000000000000000110000000000000000000000000000000000
0001100011000001100000000000000000000000000000000000010000001000000
0001100011000001100000000000000000000000000000000000000000001000000
0000100100000101100001011100000000000000000000000000000000000000000
0000100100000101100001010011000000100000000000000000000000000000000
0000100100000001000001000010000010100000000000000000000000000000000
0000100000100000001000000000011011000000000000000000001000000000000
0000100010100000001000000000011000000000000000000000000000000000000
0010110010100000000000000000000100000000000000000000001000000000000
0000000000000000000000000000000000000000000000000000000000000000000
0000100100000110010000000000000001000000000000000000000000000000000
0010111000100100100000010000000101000000000000000000000000000000010
0010111010100000000000000000000100000000000000000000000000000000000
0000100100000001010000100000000001000000000000000000000000000000000
0000100100000110010000000000000000000000000000000000000000000000000
1000000000001000000000000000000000000000000000000000000000000000000
0011000010100000000000000000000101000000000000000000001000000000000
0001101100000100000000000000000000000000001000100011000000000000000
0001000000010000010000000000000001000000000000000000000000000000000
0011001000000000000000000000000111000000000000000000000000000000000
0011001010000000000000000000000111000000000000000000000000000000000
0001100011000100000000000000000000000001000010000001000000001000000
0001100011000000000000000000000001000100000000000000000000001000000
0011010000100000000000000000000101000000000000000000000000000000000
0011010010100000000000000000000101000000000000000000000000000000000
0000100100000001010000100000000001000000000000000000000000000000000
0001100000000000010000000000000001000000000000001000000000000000000
0011011000100000000000000000000101000000000000000000000000000000000
0001100011000100001000000000011001000001000001000011000000001000000
0001011010000001010000100000000001000000000000000000000000000000000
0001001010100000000000000000000001010000000000000000000000000000000
0000100100000100000000000000000000000000000000010001000000000000000
0001100100000000000000000000000000000000000000000000000100000010000
0001110001000000000000000000000000000000000000000000010000100000000
0000000000000000000000000000000000000000000000000000000000000000000
0000000000000000000000000000000000000000000000000000000000000000000
0000000000000000000000000000000000000000000000000000000000000000000
0001100011000100000000000000000000000001000010000001000000001000000
0000000000000000000000000000000000000000000000000000000000000000000
0011110000100000000000000000000100000000000000000000000000010100000
0011110010000000000000000000000111000000000000000000000000000000000
0001110011100000010000000000000001000000000000000000010000000001000
0000000001000000010000000000000001000000000000000000000000000000101
0000000000000000000000000000000000000000000000000000000000000000000
0000000000000000000000000000000000000000000000000000000000000000000
0000000000000000000000000000000000000000000000000000000000000000000
0000000000000000000000000000000000000000000000000000000000000000000

